# m n x y lower upper expected relative_tolerance absolute_tolerance
1 0 0.17 0.08 -0.45 0.6 1.04999999999999998889777 5e-9 1e-290
1 1 0.17 0.08 -0.45 0.6 0.9006024272859967234563115 5e-9 1e-290
1 2 0.17 0.08 -0.45 0.6 1.985937867184032781566212 5e-9 1e-290
1 3 0.17 0.08 -0.45 0.6 5.936544463913607356079125 5e-9 1e-290
2 0 0.17 0.08 -0.45 0.6 0.07874999999999998168132009 5e-9 1e-290
2 1 0.17 0.08 -0.45 0.6 0.1440069871969263266761164 5e-9 1e-290
2 2 0.17 0.08 -0.45 0.6 0.3367442232823248841497511 5e-9 1e-290
2 3 0.17 0.08 -0.45 0.6 1.009126783653194134818745 5e-9 1e-290
3 0 0.17 0.08 -0.45 0.6 0.9960646487895725730386662 5e-9 1e-290
3 1 0.17 0.08 -0.45 0.6 0.8779419507060894992289426 5e-9 1e-290
3 2 0.17 0.08 -0.45 0.6 1.951785312789264217914018 5e-9 1e-290
3 3 0.17 0.08 -0.45 0.6 5.843549195188982387919399 5e-9 1e-290
4 0 0.17 0.08 -0.45 0.6 0.06673009086407785115056445 5e-9 1e-290
4 1 0.17 0.08 -0.45 0.6 0.1378155417540270720386732 5e-9 1e-290
4 2 0.17 0.08 -0.45 0.6 0.3292683779434562942025191 5e-9 1e-290
4 3 0.17 0.08 -0.45 0.6 0.9911439521080320204976508 5e-9 1e-290
5 0 0.17 0.08 -0.45 0.6 0.9039698922588057120701554 5e-9 1e-290
5 1 0.17 0.08 -0.45 0.6 0.8367114393706127520910901 5e-9 1e-290
5 2 0.17 0.08 -0.45 0.6 1.886375477637531664198371 5e-9 1e-290
5 3 0.17 0.08 -0.45 0.6 5.663135733200890982336292 5e-9 1e-290
6 0 0.17 0.08 -0.45 0.6 0.04805834847846124863101324 5e-9 1e-290
6 1 0.17 0.08 -0.45 0.6 0.1269627887136438427807841 5e-9 1e-290
6 2 0.17 0.08 -0.45 0.6 0.3151427637804646882440895 5e-9 1e-290
6 3 0.17 0.08 -0.45 0.6 0.956406006148926237221235 5e-9 1e-290
7 0 0.17 0.08 -0.45 0.6 0.878410535637244131413228 5e-9 1e-290
7 1 0.17 0.08 -0.45 0.6 0.8218278127845003670286254 5e-9 1e-290
7 2 0.17 0.08 -0.45 0.6 1.858310965236107422447735 5e-9 1e-290
7 3 0.17 0.08 -0.45 0.6 5.582430700736031328646676 5e-9 1e-290
8 0 0.17 0.08 -0.45 0.6 0.04505613872462567770396906 5e-9 1e-290
8 1 0.17 0.08 -0.45 0.6 0.1235620056270809962662934 5e-9 1e-290
8 2 0.17 0.08 -0.45 0.6 0.3093482814482193957593113 5e-9 1e-290
8 3 0.17 0.08 -0.45 0.6 0.9410988500744063237157851 5e-9 1e-290
1 1 0.21 1e-12 -0.4 0.55 0.9999999999985419749668534 5e-9 1e-290
1 2 0.21 1e-12 -0.4 0.55 159154943091.8953389700232 5e-9 1e-290
1 3 0.21 1e-12 -0.4 0.55 37995443865876665819886.3 5e-9 1e-290
2 1 0.21 1e-12 -0.4 0.55 0.2099999999995077505968907 5e-9 1e-290
2 2 0.21 1e-12 -0.4 0.55 33422538049.2980199468225 5e-9 1e-290
2 3 0.21 1e-12 -0.4 0.55 7979043211834099526892.207 5e-9 1e-290
3 1 0.21 1e-12 -0.4 0.55 0.9777013859031678496822166 5e-9 1e-290
3 2 0.21 1e-12 -0.4 0.55 155606008434.5320837440958 5e-9 1e-290
3 3 0.21 1e-12 -0.4 0.55 37148198125732409866239.63 5e-9 1e-290
4 1 0.21 1e-12 -0.4 0.55 0.2053172910394382742464353 5e-9 1e-290
4 2 0.21 1e-12 -0.4 0.55 32677261771.25173637695847 5e-9 1e-290
4 3 0.21 1e-12 -0.4 0.55 7801121606403805783210.825 5e-9 1e-290
5 1 0.21 1e-12 -0.4 0.55 0.9345847547846438420957549 5e-9 1e-290
5 2 0.21 1e-12 -0.4 0.55 148743783462.5692193588877 5e-9 1e-290
5 3 0.21 1e-12 -0.4 0.55 35509962588387610712392.24 5e-9 1e-290
6 1 0.21 1e-12 -0.4 0.55 0.1962627985044775409932246 5e-9 1e-290
6 2 0.21 1e-12 -0.4 0.55 31236194527.13953490939491 5e-9 1e-290
6 3 0.21 1e-12 -0.4 0.55 7457092143561397973634.516 5e-9 1e-290
7 1 0.21 1e-12 -0.4 0.55 0.9155777428603129593976161 5e-9 1e-290
7 2 0.21 1e-12 -0.4 0.55 145718723561.4040212514084 5e-9 1e-290
7 3 0.21 1e-12 -0.4 0.55 34787782733758328247289.57 5e-9 1e-290
8 1 0.21 1e-12 -0.4 0.55 0.192271326000348132523609 5e-9 1e-290
8 2 0.21 1e-12 -0.4 0.55 30600931947.89484333033366 5e-9 1e-290
8 3 0.21 1e-12 -0.4 0.55 7305434374089248661575.418 5e-9 1e-290
1 1 0.99 1e-8 0.8 1 0.9999996649369619119056829 5e-9 1e-290
1 1 2 1e-8 -0.5 0.5 8.488263631567751172129321e-10 5e-9 1e-290
1 2 0.99 1e-8 0.8 1 15915494.30918953324051761 5e-9 1e-290
1 2 2 1e-8 -0.5 0.5 7.845511898823981348385709e-19 5e-9 1e-290
1 3 0.99 1e-8 0.8 1 379954438658766.6270153083 5e-9 1e-290
1 3 2 1e-8 -0.5 0.5 7.833719865856499301870991e-28 5e-9 1e-290
2 1 0.99 1e-8 0.8 1 0.989999658915151920570571 5e-9 1e-290
2 1 2 1e-8 -0.5 0.5 7.164426470638655088774544e-11 5e-9 1e-290
2 2 0.99 1e-8 0.8 1 15756339.36609763776670393 5e-9 1e-290
2 2 2 1e-8 -0.5 0.5 1.280899901848813248327106e-19 5e-9 1e-290
2 3 0.99 1e-8 0.8 1 376154894272178.9573704819 5e-9 1e-290
2 3 2 1e-8 -0.5 0.5 1.804854264721969262967048e-28 5e-9 1e-290
3 1 0.99 1e-8 0.8 1 0.1410673380478949769831879 5e-9 1e-290
3 1 2 1e-8 -0.5 0.5 8.100695157006475984054088e-10 5e-9 1e-290
3 2 0.99 1e-8 0.8 1 2245156.762055833707030868 5e-9 1e-290
3 2 2 1e-8 -0.5 0.5 7.448473737106256272174803e-19 5e-9 1e-290
3 3 0.99 1e-8 0.8 1 53599169504611.54212368323 5e-9 1e-290
3 3 2 1e-8 -0.5 0.5 7.385109229285897880310978e-28 5e-9 1e-290
4 1 0.99 1e-8 0.8 1 0.1396566609236589014679198 5e-9 1e-290
4 1 2 1e-8 -0.5 0.5 6.591884744201584899294161e-11 5e-9 1e-290
4 2 0.99 1e-8 0.8 1 2222705.194435264180646826 5e-9 1e-290
4 2 2 1e-8 -0.5 0.5 1.176332139775131950470654e-19 5e-9 1e-290
4 3 0.99 1e-8 0.8 1 53063177809565.33734334523 5e-9 1e-290
4 3 2 1e-8 -0.5 0.5 1.653372278095154977187343e-28 5e-9 1e-290
5 1 0.99 1e-8 0.8 1 0.002807247179572136470093351 5e-9 1e-290
5 1 2 1e-8 -0.5 0.5 7.416832835140278229082806e-10 5e-9 1e-290
5 2 0.99 1e-8 0.8 1 44678.61956493302109549978 5e-9 1e-290
5 2 2 1e-8 -0.5 0.5 6.751726592067597018594421e-19 5e-9 1e-290
5 3 0.99 1e-8 0.8 1 1066623473141.944832642617 5e-9 1e-290
5 3 2 1e-8 -0.5 0.5 6.602828759036405795689369e-28 5e-9 1e-290
6 1 0.99 1e-8 0.8 1 0.002779174146474662494037577 5e-9 1e-290
6 1 2 1e-8 -0.5 0.5 5.604930846360014956808008e-11 5e-9 1e-290
6 2 0.99 1e-8 0.8 1 44231.83336928302367631159 5e-9 1e-290
6 2 2 1e-8 -0.5 0.5 9.964100360575502376139225e-20 5e-9 1e-290
6 3 0.99 1e-8 0.8 1 1055957238410.520068524891 5e-9 1e-290
6 3 2 1e-8 -0.5 0.5 1.393358014216234727345432e-28 5e-9 1e-290
7 1 4.19 1e-16 -0.75 0.9 2.124919301128627157107212e-18 5e-9 1e-290
7 1 4.19 1e-16 4 4.4 5.635926134325744071981527e-16 5e-9 1e-290
7 2 4.19 1e-16 -0.75 0.9 4.17121592242787196493666e-36 5e-9 1e-290
7 2 4.19 1e-16 4 4.4 0.8969855031787378125932478 5e-9 1e-290
7 3 4.19 1e-16 -0.75 0.9 8.508221433911244329796914e-54 5e-9 1e-290
7 3 4.19 1e-16 4 4.4 2141395150690006.835304713 5e-9 1e-290
8 1 4.19 1e-16 -0.75 0.9 2.229515147019185752584341e-19 5e-9 1e-290
8 1 4.19 1e-16 4 4.4 2.361453050282486791090502e-15 5e-9 1e-290
8 2 4.19 1e-16 -0.75 0.9 7.611205868274143805996679e-37 5e-9 1e-290
8 2 4.19 1e-16 4 4.4 3.758369258318911785306302 5e-9 1e-290
8 3 4.19 1e-16 -0.75 0.9 2.198514723537269960153581e-54 5e-9 1e-290
8 3 4.19 1e-16 4 4.4 8972445681391129.476780769 5e-9 1e-290
7 0 0 0.1 -100000 100000 1.253314137315500251207883 5e-9 1e-290
8 0 0 0.1 -100000 100000 0.0 5e-9 1e-290
2 1 0 1e-8 -0.5 0.5 0.0 5e-9 1e-290
2 2 0 1e-8 -0.5 0.5 0.0 5e-9 1e-290
2 3 0 1e-8 -0.5 0.5 0.0 5e-9 1e-290
4 1 0 1e-8 -0.5 0.5 0.0 5e-9 1e-290
4 2 0 1e-8 -0.5 0.5 0.0 5e-9 1e-290
4 3 0 1e-8 -0.5 0.5 0.0 5e-9 1e-290
6 1 0 1e-8 -0.5 0.5 0.0 5e-9 1e-290
6 2 0 1e-8 -0.5 0.5 0.0 5e-9 1e-290
6 3 0 1e-8 -0.5 0.5 0.0 5e-9 1e-290
8 1 0 1e-8 -0.5 0.5 0.0 5e-9 1e-290
8 2 0 1e-8 -0.5 0.5 0.0 5e-9 1e-290
8 3 0 1e-8 -0.5 0.5 0.0 5e-9 1e-290
1 1 -0.5 1 0.5 0.5000000000000001 1.766974823035286933747941e-17 5e-9 1e-290
1 2 0.500000000017 1e-12 -0.5 0.5 6845972.630280561001651509 5e-9 1e-290
3 1 1 1e-20 0 1 9.999999998863379953423776e-11 5e-9 1e-290
7 0 0 0.1 -1e308 1e308 1.253314137315500251207883 5e-9 1e-290
5 2 1 1e-300 0 1 1.591549430918953377630229e-151 5e-9 1e-290
7 2 20 1e-300 19 21 5.83760370713009062171997e-49 5e-9 1e-290
2 3 1e-120 1e-100 -0.5 0.5 3.799544386587666195941276e+78 5e-9 1e-290
1 2 -4.097e-197 1e-200 0 1 4.911126004947295544094938e+187 5e-9 1e-290
1 2 0.500000000001 1e-16 -0.5 0.5 337.7596897348746306537451 5e-9 1e-290
2 1 1.7e21 1e20 -0.5 0.5 1.072387646675473923135562e-45 5e-9 1e-290
